1126651936
1126652128
1126652320
1126665969
1126666065
1126666161
1126666257
1126666353
1126666449
1126690380
1126787592
1126792001
1126792097
1126803828
1126803924
1126804020
1126804116
1126804212
1126804308
1126870789
1126870885
1126870981
1126871077
1126871173
1126871269
1126923986
1126924082
1126924178
1126924274
1126924370
1126924466
1126929164
1126929260
1126929356
1126929548
1126938860
1126938956
1126939052
1126939148
1126939244
1126939340
1126939436
1126939532
1126939628
1126995716
1126995812
1126995908
1127005051
1127042669
1127042765
1127042861
1127042957
1127043053
1127043149
1127054489
1127054585
1127054681
1127054873
1127119850
1127123443
1127130349
1127130445
1127130541
1127130637
1127130733
1127130829
1127185124
1127185220
1127201555
1127201651
1127201747
1127201843
1127201939
1127202035
1127237263
1127237359
1127238703
1127238799
1127238895
1127238991
1127239087
1127239183
1127375426
1127375522
1127375618
1127375714
1127375810
1127375906
1127425745
1127425841
1127428916
1127429012
1127526960
1127601489
1127601585
1127601681
1127601777
1127601873
1127601969
1127609484
1127724898
1127724994
1127725090
1127725186
1127725282
1127725378
1127786817
1127786913
1127808205
1127991405
1127991501
1128058647
1128058839
1128059031
1128064215
1128232693
1128232789
1128232885
1128232981
1128233077
1128233173
1128408399
1128408495
1128408591
1128408687
1128408783
1128408879
1128425215
1128425311
1128425407
1128425503
1128491075
1128491267
1128494915
1128634413
1128815478
1128815574
1128815670
1128815766
1128815862
1128815958
1128818262
1128818358
1128826873
1128945745
1129052163
1129069345
1129069441
1129069537
1129069633
1129069729
1129069825
1129069921
1129070017
1129070113
1129246709
1129310181
1129310277
1129310373
1129310565
1129310661
1129310757
1129368758
1129515034
1129520729
1129521113
1129521209
1129521305
1129521401
1129521497
1129521593
1129676015
1129676111
1129735753
1129735849
1129735945
1129747426
1129749639
1129752023
1129752119
1129752215
1129752311
1129979971
1129980163
1129983295
1129983391
1129983487
1129985119
1129985215
1129985311
1129985407
1129985503
1129985599
1130062697
1130062793
1130062889
1130062985
1130063081
1130063177
1130132014
1130141326
1130141422
1130141518
1130141614
1130141710
1130141806
1130197500
1130197596
1130213444
1130213540
1130213636
1130213732
1130213828
1130213924
1130227188
1130237238
1130237430
1130243509
1130243701
1130544796
1130575372
1130576576
1130576672
1130576768
1130576960
1130639762
1130639858
1130726540
1130726636
1130726732
1130726828
1130726924
1130727020
1130740802
1130740898
1130740994
1130741090
1130741186
1130741282
1130741378
1130741474
1130741570
1130741666
1130771239
1130777383
1130777479
1130777863
1130777959
1130778055
1130778151
1130778247
1130778439
1130809799
1130849458
1130856980
1130857172
1130857268
1130857460
1130915535
1132109838
1132109934
1132110894
1132110990
1132396549
1132396645
1132396741
1132396837
1132396933
1132397029
1132400087
1132400951
1132401047
1132401143
1132401239
1132401335
1132401431
1132404023
1132404119
1132404215
1132404311
1132404503
1132505590
1132505782
1132633114
1132633210
1132633306
1132633402
1132683144
1132683240
1132717771
1132717867
1132717963
1132718059
1132718155
1132740886
1132783158
1132783254
1132783350
1132783446
1132788630
1132788726
1132788822
1132788918
1132789014
1132789110
1132803255
1132803351
1132803543
1132803639
1132803735
1132803831
1132803927
1132804119
1132808351
1132904218
1132904314
1132904410
1132904602
1132926688
1132926784
1132942752
1132942848
1132965046
1132994180
1132994276
1132995812
1132995908
1133000467
1133000563
1133000659
1133011093
1133011189
1133106547
1133106643
1133116907
1133117003
1133117099
1133117195
1133117291
1133117387
1133136159
1133137370
1133144358
1133144454
1133167055
1133167151
1133205309
1133220596
1133220692
1133221669
1133229027
1133229123
1133229315
1133288297
1133288393
1133288489
1133288585
1133288681
1133288777
1133289833
1133374045
1133374141
1133379095
1133379191
1133379671
1133443430
1133445830
1133466108
1133466204
1133746446
1133746638
1133793767
1133794823
1133795015
1133795207
1134156451
1134176363
1134189691
1134189787
1134293793
1134293985
1134294657
1134298209
1134310666
1134310762
1134319716
1134367206
1134367302
1134369506
1134383829
1134383925
1134384021
1134384117
1134384213
1134384309
1134384885
1134384981
1134568989
1134569085
1134569181
1134569277
1134569373
1134569469
1134796425
1134799505
1134799601
1134809604
1134809700
1134809796
1134809892
1134827556
1135158377
1135204484
1135233480
1135233576
1135233672
1135517460
1135517556
1135520290
1135520482
1135520674
1135535946
1135784756
1135790858
1135793236
1135824775
1135827367
1135827847
1135827943
1135831238
1135835745
1135835841
1135842730
1135897036
1135929007
1135929103
1135929199
1135929295
1135929391
1135929487
1135936497
1135937649
1135939281
1135952313
1135952409
1135954425
1135955149
1135955245
1135969614
1136293267
1136365637
1136365733
1136489806
1136489902
1136490094
1136490286
1136495197
1136495293
1136495389
1136495485
1136495581
1136495677
1136603676
1136603772
1136603868
1136603964
1136604060
1136604156
1136632516
