1239488145
1239488241
1239488337
1239488433
1239488529
1239488913
1239489009
1239489105
1239489201
1239489297
1239489393
1239489777
1239489969
1239490065
1239490161
1239490257
1239490353
1239490449
1239490545
1239490641
1239498296
1239498392
1239498488
1239498584
1239498680
1239498776
1239498872
1239498968
1239499064
1239499160
1239499256
1239499352
1239499448
1239499544
1239499640
1239499736
1239499832
1239499928
1239500024
1239500120
1239500696
1239500792
1239500888
1239500984
1239501080
1239501176
1239501560
1239501656
1239501752
1239501848
1239501944
1239516315
1239516507
1239516603
1239516699
1239516795
1239516891
1239516987
1239518043
1239519291
1239519387
1239519483
1239519579
1239519675
1239519771
1239519963
1239520059
1239520155
1239520251
1239520347
1239520443
1239520731
1239521595
1239521691
1239521787
1239521883
1239521979
1239522075
1239522651
1239522843
1239523035
1239523323
1239523419
1239523515
1239523611
1239523707
1239523803
1239523899
1239523995
1239524667
1239524763
1239524859
1239524955
1239525051
1239525147
1239525435
1239525531
1239525627
1239525723
1239525819
1239525915
