1238166218
1238166314
1238166410
1238166506
1238167178
1238167274
1238167370
1238167466
1238167562
1238167658
1238167754
1238167850
1238167946
1238168042
1238168234
1238168330
1238168522
1238168618
1238169386
1238175649
1238175745
1238175841
1238175937
1238176033
1238176129
1238176225
1238176321
1238176417
1238176513
1238176609
1238176705
1238176801
1238176897
1238176993
1238177089
1238177185
1238177281
1238177377
1238177473
1238177569
1238177665
1238177761
1238177953
1238178049
1238178145
1238178241
1238178337
1238178433
1238178529
1238178625
1238179105
1238179201
1238179297
1238179393
1238179489
1238179585
1238179681
1238179777
1238179873
1238179969
1238180065
1238180161
1238180257
1238180353
1238180449
1238180545
1238180641
1238180737
1238180833
1238180929
1238181025
1238181121
1238181217
1238181409
1238181505
1238181697
1238181793
1238181889
1238181985
1238182081
1238182177
1238182273
1238182465
1238182945
1238183041
1238183137
1238183233
1238183425
1238183521
1238183617
1238183713
1238183809
1238184001
1238184193
1238184961
1238185537
1238185633
1238185729
1238185825
1238185921
1238186017
