   1  1126626009  1126627282   1273
   1  1126627298  1126628100    802
   1  1126643534  1126645233   1699
   1  1126645244  1126645392    148
   1  1126645937  1126648591   2654
   1  1126648622  1126653330   4708
   1  1126653361  1126656858   3497
   1  1126656889  1126657109    220
   1  1126657140  1126657667    527
   1  1126657937  1126659287   1350
   1  1126659377  1126663820   4443
   1  1126663873  1126670754   6881
   1  1126670785  1126675574   4789
   1  1126686546  1126691334   4788
   1  1126787376  1126788001    625
   1  1126791061  1126791090     29
   1  1126791121  1126793841   2720
   1  1126793872  1126794691    819
   1  1126794722  1126795557    835
   1  1126795588  1126796366    778
   1  1126796398  1126805114   8716
   1  1126805145  1126805341    196
   1  1126805372  1126806361    989
   1  1126806392  1126807607   1215
   1  1126807697  1126808507    810
   1  1126808837  1126810607   1770
   1  1126810817  1126813567   2750
   1  1126814717  1126816007   1290
   1  1126816097  1126816487    390
   1  1126816577  1126818407   1830
   1  1126818917  1126819487    570
   1  1126819577  1126820087    510
   1  1126820657  1126821336    679
   1  1126821367  1126821887    520
   1  1126829345  1126829932    587
   1  1126830197  1126830827    630
   1  1126830917  1126831247    330
   1  1126831757  1126832426    669
   1  1126832717  1126832987    270
   1  1126837277  1126838147    870
   1  1126838237  1126838696    459
   1  1126838727  1126841580   2853
   1  1126841612  1126842246    634
   1  1126842277  1126842807    530
   1  1126842838  1126848297   5459
   1  1126848329  1126849861   1532
   1  1126868944  1126871867   2923
   1  1126872229  1126872647    418
   1  1126872737  1126873427    690
   1  1126884576  1126885067    491
   1  1126885217  1126885847    630
   1  1126886177  1126886447    270
   1  1126887137  1126887647    510
   1  1126888637  1126893057   4420
   1  1126908776  1126909007    231
   1  1126910657  1126914227   3570
   1  1126915157  1126915782    625
   1  1126917983  1126918950    967
   1  1126919010  1126927427   8417
   1  1126927577  1126928327    750
   1  1126928477  1126932347   3870
   1  1126932497  1126934372   1875
   1  1126934403  1126935039    636
   1  1126935070  1126937567   2497
   1  1126937657  1126942368   4711
   1  1126955146  1126959093   3947
   1  1126959124  1126963531   4407
   1  1126963562  1126963846    284
   1  1126987777  1126988688    911
   1  1126988732  1126989208    476
   1  1126989232  1126991568   2336
   1  1126994557  1126996299   1742
   1  1126996330  1126999495   3165
   1  1127000092  1127000955    863
   1  1127001172  1127004025   2853
   1  1127004057  1127010270   6213
   1  1127010302  1127011784   1482
   1  1127011815  1127018981   7166
   1  1127019013  1127022918   3905
   1  1127022949  1127047221  24272
   1  1127047253  1127059230  11977
   1  1127059246  1127060347   1101
   1  1127060378  1127063434   3056
   1  1127063465  1127072295   8830
   1  1127072305  1127072307      2
   1  1127072545  1127073418    873
   1  1127073584  1127074207    623
   1  1127087956  1127089667   1711
   1  1127089757  1127090263    506
   1  1127090657  1127091887   1230
   1  1127092037  1127092215    178
   1  1127094568  1127095115    547
   1  1127095146  1127095447    301
   1  1127095649  1127096807   1158
   1  1127096897  1127097641    744
   1  1127097857  1127100047   2190
   1  1127100197  1127105447   5250
   1  1127105537  1127108267   2730
   1  1127108357  1127109767   1410
   1  1127109857  1127111387   1530
   1  1127119063  1127119487    424
   1  1127119577  1127120507    930
   1  1127120931  1127121257    326
   1  1127121291  1127123867   2576
   1  1127124497  1127125072    575
   1  1127125103  1127125733    630
   1  1127125764  1127126633    869
   1  1127126884  1127128306   1422
   1  1127128872  1127129851    979
   1  1127129968  1127132267   2299
   1  1127132298  1127132815    517
   1  1127132846  1127133359    513
   1  1127166251  1127166767    516
   1  1127166857  1127167247    390
   1  1127167337  1127169887   2550
   1  1127169977  1127172026   2049
   1  1127175204  1127175347    143
   1  1127175437  1127175815    378
   1  1127175863  1127178600   2737
   1  1127178631  1127179616    985
   1  1127179832  1127180171    339
   1  1127180372  1127181584   1212
   1  1127181632  1127182325    693
   1  1127182356  1127183384   1028
   1  1127183432  1127184707   1275
   1  1127184797  1127189867   5070
   1  1127189957  1127213154  23197
   1  1127213186  1127213527    341
   1  1127213558  1127216313   2755
   1  1127216345  1127217901   1556
   1  1127217932  1127222270   4338
   1  1127234560  1127245727  11167
   1  1127246657  1127246867    210
   1  1127247137  1127247347    210
   1  1127248106  1127248787    681
   1  1127248877  1127249147    270
   1  1127249777  1127250892   1115
   1  1127250923  1127252027   1104
   1  1127252117  1127253660   1543
   1  1127253691  1127254184    493
   1  1127254215  1127256633   2418
   1  1127258621  1127265407   6786
   1  1127265497  1127267520   2023
   1  1127267551  1127271521   3970
   1  1127308011  1127308344    333
   1  1127309777  1127310467    690
   1  1127326664  1127326967    303
   1  1127327057  1127327285    228
   1  1127327537  1127328467    930
   1  1127328557  1127328947    390
   1  1127330177  1127331065    888
   1  1127331096  1127331295    199
   1  1127332311  1127332890    579
   1  1127333920  1127334827    907
   1  1127335157  1127335367    210
   1  1127335457  1127335660    203
   1  1127335691  1127338989   3298
   1  1127339021  1127339387    366
   1  1127339537  1127339987    450
   1  1127341517  1127341787    270
   1  1127341937  1127342507    570
   1  1127343377  1127344468   1091
   1  1127344500  1127345801   1301
   1  1127345832  1127347067   1235
   1  1127347356  1127347607    251
   1  1127348177  1127348507    330
   1  1127348597  1127348867    270
   1  1127348957  1127349227    270
   1  1127349377  1127350187    810
   1  1127350397  1127350649    252
   1  1127350680  1127352227   1547
   1  1127353817  1127354027    210
   1  1127354477  1127355768   1291
   1  1127355800  1127356607    807
   1  1127356919  1127357207    288
   1  1127359697  1127360027    330
   1  1127360117  1127361645   1528
   1  1127361676  1127362687   1011
   1  1127362718  1127364227   1509
   1  1127364737  1127365243    506
   1  1127365274  1127365658    384
   1  1127365689  1127367347   1658
   1  1127367437  1127367707    270
   1  1127368577  1127368847    270
   1  1127369357  1127370000    643
   1  1127370031  1127372949   2918
   1  1127372980  1127374947   1967
   1  1127374978  1127378179   3201
   1  1127384932  1127386007   1075
   1  1127386097  1127387327   1230
   1  1127388136  1127389526   1390
   1  1127389557  1127391569   2012
   1  1127391601  1127398787   7186
   1  1127399057  1127403661   4604
   1  1127403692  1127409048   5356
   1  1127422637  1127423087    450
   1  1127424956  1127425247    291
   1  1127425536  1127427107   1571
   1  1127427197  1127427718    521
   1  1127427750  1127428127    377
   1  1127428217  1127428427    210
   1  1127428517  1127435267   6750
   1  1127435357  1127435570    213
   1  1127436136  1127436347    211
   1  1127443277  1127443847    570
   1  1127444177  1127444687    510
   1  1127447957  1127448227    270
   1  1127448497  1127448887    390
   1  1127450537  1127451287    750
   1  1127453750  1127454167    417
   1  1127455337  1127455607    270
   1  1127456177  1127458607   2430
   1  1127458697  1127458967    270
   1  1127459597  1127460551    954
   1  1127467157  1127469484   2327
   1  1127469515  1127470007    492
   1  1127470097  1127470727    630
   1  1127470937  1127471147    210
   1  1127471357  1127471567    210
   1  1127471777  1127472761    984
   1  1127472793  1127473007    214
   1  1127476817  1127477207    390
   1  1127477297  1127479847   2550
   1  1127479937  1127480147    210
   1  1127497037  1127497073     36
   1  1127497295  1127497607    312
   1  1127497877  1127499047   1170
   1  1127505005  1127505127    122
   1  1127505432  1127506060    628
   1  1127507637  1127508099    462
   1  1127508131  1127508466    335
   1  1127512184  1127516872   4688
   1  1127516904  1127522106   5202
   1  1127522137  1127523810   1673
   1  1127523841  1127524783    942
   1  1127524814  1127526640   1826
   1  1127526671  1127538385  11714
   1  1127542040  1127562820  20780
   1  1127562851  1127563235    384
   1  1127563246  1127563300     54
   1  1127563528  1127565085   1557
   1  1127600564  1127603567   3003
   1  1127603657  1127603867    210
   1  1127603957  1127604314    357
   1  1127605981  1127606736    755
   1  1127606767  1127610089   3322
   1  1127610120  1127610467    347
   1  1127610557  1127613277   2720
   1  1127617667  1127617883    216
   1  1127617914  1127620167   2253
   1  1127620198  1127622587   2389
   1  1127622618  1127622863    245
   1  1127622895  1127624801   1906
   1  1127630900  1127633776   2876
   1  1127633807  1127634220    413
   1  1127637545  1127638676   1131
   1  1127638707  1127646297   7590
   1  1127646328  1127650012   3684
   1  1127650043  1127653146   3103
   1  1127653177  1127654581   1404
   1  1127654612  1127658671   4059
   1  1127664295  1127666082   1787
   1  1127666191  1127666846    655
   1  1127666877  1127668646   1769
   1  1127678202  1127678998    796
   1  1127691508  1127693909   2401
   1  1127693940  1127704054  10114
   1  1127704085  1127710549   6464
   1  1127710581  1127716555   5974
   1  1127716586  1127719066   2480
   1  1127719098  1127722975   3877
   1  1127723007  1127726213   3206
   1  1127726244  1127727692   1448
   1  1127727723  1127728363    640
   1  1127728394  1127733320   4926
   1  1127733352  1127738355   5003
   1  1127738386  1127742709   4323
   1  1127781900  1127783780   1880
   1  1127783829  1127784827    998
   1  1127784876  1127789335   4459
   1  1127789383  1127793165   3782
   1  1127793197  1127797748   4551
   1  1127807783  1127808627    844
   1  1127809264  1127811108   1844
   1  1127811140  1127812088    948
   1  1127812306  1127814137   1831
   1  1127833789  1127833881     92
   1  1127976803  1127978164   1361
   1  1127978195  1127979749   1554
   1  1127979780  1127980086    306
   1  1127980117  1127984028   3911
   1  1127984059  1127989049   4990
   1  1127989080  1128000259  11179
   1  1128000312  1128005323   5011
   1  1128005355  1128007724   2369
   1  1128035397  1128035610    213
   1  1128036593  1128037317    724
   1  1128039919  1128041817   1898
   1  1128041848  1128047397   5549
   1  1128047428  1128050308   2880
   1  1128050344  1128054179   3835
   1  1128054210  1128054827    617
   1  1128054858  1128070308  15450
   1  1128070339  1128072483   2144
   1  1128116549  1128118584   2035
   1  1128118615  1128121842   3227
   1  1128122408  1128124292   1884
   1  1128124341  1128125193    852
   1  1128125241  1128126093    852
   1  1128126141  1128126993    852
   1  1128127041  1128127663    622
   1  1128127694  1128127892    198
   1  1128127941  1128128394    453
   1  1128128425  1128128793    368
   1  1128128841  1128129693    852
   1  1128129741  1128130593    852
   1  1128130641  1128133847   3206
   1  1128133879  1128134199    320
   1  1128134230  1128141557   7327
   1  1128141588  1128154234  12646
   1  1128154485  1128165754  11269
   1  1128165785  1128171655   5870
   1  1128212167  1128214406   2239
   1  1128214437  1128217563   3126
   1  1128217594  1128218890   1296
   1  1128218921  1128222346   3425
   1  1128222377  1128223434   1057
   1  1128223465  1128229058   5593
   1  1128229089  1128230611   1522
   1  1128230642  1128235897   5255
   1  1128235928  1128238529   2601
   1  1128238561  1128239687   1126
   1  1128240543  1128243526   2983
   1  1128243557  1128247753   4196
   1  1128247784  1128260515  12731
   1  1128260546  1128263095   2549
   1  1128263293  1128266125   2832
   1  1128266157  1128269355   3198
   1  1128269386  1128274372   4986
   1  1128274403  1128280073   5670
   1  1128280104  1128282850   2746
   1  1128282881  1128285139   2258
   1  1128285170  1128286055    885
   1  1128286086  1128286611    525
   1  1128286643  1128295727   9084
   1  1128295758  1128299091   3333
   1  1128318710  1128320626   1916
   1  1128321192  1128322875   1683
   1  1128322906  1128324543   1637
   1  1128324574  1128325784   1210
   1  1128325816  1128326778    962
   1  1128326809  1128331187   4378
   1  1128331934  1128332924    990
   1  1128332956  1128335191   2235
   1  1128335222  1128335840    618
   1  1128335876  1128340206   4330
   1  1128340238  1128342483   2245
   1  1128342514  1128344797   2283
   1  1128344828  1128349700   4872
   1  1128349731  1128351692   1961
   1  1128391217  1128398861   7644
   1  1128398892  1128401987   3095
   1  1128405617  1128405969    352
   1  1128406000  1128406196    196
   1  1128407287  1128412584   5297
   1  1128412615  1128414759   2144
   1  1128414790  1128416327   1537
   1  1128416430  1128416656    226
   1  1128416687  1128417297    610
   1  1128417328  1128419987   2659
   1  1128423617  1128424297    680
   1  1128424328  1128425911   1583
   1  1128426119  1128427881   1762
   1  1128427912  1128429121   1209
   1  1128429153  1128430787   1634
   1  1128434417  1128435820   1403
   1  1128435851  1128438147   2296
   1  1128438178  1128439362   1184
   1  1128439393  1128441531   2138
   1  1128441563  1128444240   2677
   1  1128457314  1128459298   1984
   1  1128465254  1128466226    972
   1  1128466792  1128467360    568
   1  1128467391  1128467782    391
   1  1128467813  1128468173    360
   1  1128468205  1128469110    905
   1  1128469200  1128473852   4652
   1  1128473884  1128477275   3391
   1  1128477306  1128485797   8491
   1  1128485829  1128490086   4257
   1  1128490117  1128490629    512
   1  1128490660  1128497058   6398
   1  1128497090  1128502727   5637
   1  1128502758  1128504361   1603
   1  1128618578  1128619739   1161
   1  1128619770  1128621809   2039
   1  1128621841  1128625512   3671
   1  1128625543  1128634836   9293
   1  1128634868  1128637415   2547
   1  1128637446  1128640071   2625
   1  1128640103  1128641347   1244
   1  1128641378  1128641735    357
   1  1128643458  1128648818   5360
   1  1128648850  1128654069   5219
   1  1128654100  1128655337   1237
   1  1128655368  1128657824   2456
   1  1128657872  1128658184    312
   1  1128658232  1128658544    312
   1  1128658592  1128658904    312
   1  1128658952  1128659264    312
   1  1128659312  1128659624    312
   1  1128659672  1128660952   1280
   1  1128660983  1128663733   2750
   1  1128663764  1128665984   2220
   1  1128666032  1128666344    312
   1  1128666392  1128666704    312
   1  1128666752  1128667064    312
   1  1128667112  1128667424    312
   1  1128667472  1128667784    312
   1  1128667832  1128668144    312
   1  1128668192  1128668504    312
   1  1128668552  1128668864    312
   1  1128668952  1128669224    272
   1  1128669272  1128669584    312
   1  1128669632  1128669944    312
   1  1128669992  1128670304    312
   1  1128670352  1128670664    312
   1  1128670712  1128671024    312
   1  1128671072  1128671384    312
   1  1128671432  1128671744    312
   1  1128671792  1128672464    672
   1  1128672512  1128678868   6356
   1  1128678902  1128679164    262
   1  1128679195  1128679818    623
   1  1128679849  1128683290   3441
   1  1128683321  1128683928    607
   1  1128683959  1128688467   4508
   1  1128688729  1128689414    685
   1  1128689445  1128689641    196
   1  1128689672  1128694726   5054
   1  1128694920  1128695130    210
   1  1128695520  1128696658   1138
   1  1128696689  1128697290    601
   1  1128697800  1128698250    450
   1  1128698340  1128699870   1530
   1  1128700020  1128700230    210
   1  1128700380  1128700590    210
   1  1128700740  1128701010    270
   1  1128701100  1128702450   1350
   1  1128702540  1128703350    810
   1  1128703560  1128704610   1050
   1  1128704700  1128705450    750
   1  1128705600  1128705990    390
   1  1128706200  1128706608    408
   1  1128706640  1128706868    228
   1  1128736883  1128737241    358
   1  1128737983  1128738433    450
   1  1128738665  1128738899    234
   1  1128739955  1128740414    459
   1  1128743235  1128743625    390
   1  1128743660  1128743994    334
   1  1128744031  1128745277   1246
   1  1128745395  1128745758    363
   1  1128745982  1128746201    219
   1  1128746608  1128746946    338
   1  1128747049  1128747667    618
   1  1128747702  1128749024   1322
   1  1128749462  1128749750    288
   1  1128750007  1128750213    206
   1  1128750384  1128750610    226
   1  1128751475  1128751795    320
   1  1128751958  1128752130    172
   1  1128752171  1128752531    360
   1  1128752562  1128752849    287
   1  1128753776  1128754216    440
   1  1128754249  1128754420    171
   1  1128754459  1128754845    386
   1  1128754881  1128755097    216
   1  1128755388  1128755610    222
   1  1128757568  1128757801    233
   1  1128758229  1128758624    395
   1  1128759360  1128759865    505
   1  1128759904  1128760160    256
   1  1128771811  1128774576   2765
   1  1128774607  1128775173    566
   1  1128775340  1128775559    219
   1  1128775989  1128776328    339
   1  1128813341  1128814101    760
   1  1128814132  1128814443    311
   1  1128814474  1128823587   9113
   1  1128823618  1128824629   1011
   1  1128824639  1128824666     27
   1  1128824904  1128830762   5858
   1  1128833654  1128835843   2189
   1  1128835874  1128837765   1891
   1  1128870937  1128872430   1493
   1  1128872580  1128872970    390
   1  1128873120  1128873639    519
   1  1128873670  1128873869    199
   1  1128876392  1128876769    377
   1  1128876779  1128876805     26
   1  1128877020  1128878490   1470
   1  1128878640  1128878944    304
   1  1128878975  1128879150    175
   1  1128879360  1128880035    675
   1  1128892375  1128894292   1917
   1  1128894302  1128894305      3
   1  1128894543  1128895608   1065
   1  1128899278  1128904753   5475
   1  1128904763  1128904791     28
   1  1128905004  1128913468   8464
   1  1128913478  1128913481      3
   1  1128913718  1128922700   8982
   1  1128931801  1128932938   1137
   1  1128932969  1128933662    693
   1  1128933913  1128935405   1492
   1  1128935436  1128936376    940
   1  1128936442  1128937416    974
   1  1128937447  1128937773    326
   1  1128937804  1128938925   1121
   1  1128939176  1128939932    756
   1  1128940272  1128946227   5955
   1  1128946258  1128947402   1144
   1  1128947412  1128947419      7
   1  1128947653  1128948990   1337
   1  1128949080  1128950801   1721
   1  1128950833  1128952299   1466
   1  1128952330  1128953910   1580
   1  1128954600  1128955249    649
   1  1128955316  1128956513   1197
   1  1128988134  1128989589   1455
   1  1128989620  1128996527   6907
   1  1128996558  1128997474    916
   1  1128997506  1128998097    591
   1  1128998128  1129000421   2293
   1  1129000452  1129003819   3367
   1  1129007625  1129008318    693
   1  1129008351  1129011278   2927
   1  1129035879  1129039530   3651
   1  1129039680  1129040610    930
   1  1129040760  1129040970    210
   1  1129041120  1129043310   2190
   1  1129043460  1129044210    750
   1  1129044300  1129045530   1230
   1  1129045680  1129045950    270
   1  1129046040  1129046250    210
   1  1129046400  1129048290   1890
   1  1129048800  1129049970   1170
   1  1129050120  1129050510    390
   1  1129050780  1129051888   1108
   1  1129051920  1129052598    678
   1  1129067340  1129067850    510
   1  1129068656  1129068899    243
   1  1129068930  1129072832   3902
   1  1129072863  1129081422   8559
   1  1129081453  1129083738   2285
   1  1129083769  1129084569    800
   1  1129084600  1129085501    901
   1  1129087819  1129089834   2015
   1  1129089865  1129090584    719
   1  1129090615  1129095000   4385
   1  1129095031  1129096430   1399
   1  1129096462  1129103522   7060
   1  1129103553  1129105988   2435
   1  1129106019  1129108243   2224
   1  1129108274  1129109629   1355
   1  1129109660  1129118938   9278
   1  1129216201  1129216672    471
   1  1129216703  1129218462   1759
   1  1129244812  1129248030   3218
   1  1129248061  1129257221   9160
   1  1129273986  1129287200  13214
   1  1129287231  1129287666    435
   1  1129287821  1129288077    256
   1  1129288108  1129291143   3035
   1  1129291174  1129294718   3544
   1  1129300385  1129300710    325
   1  1129309464  1129309830    366
   1  1129309920  1129311210   1290
   1  1129328636  1129334437   5801
   1  1129337131  1129339645   2514
   1  1129339676  1129341383   1707
   1  1129343797  1129345117   1320
   1  1129345148  1129347502   2354
   1  1129347533  1129354725   7192
   1  1129354756  1129356860   2104
   1  1129356891  1129362389   5498
   1  1129362420  1129364626   2206
   1  1129365224  1129368155   2931
   1  1129368187  1129369906   1719
   1  1129370472  1129372959   2487
   1  1129372990  1129378737   5747
   1  1129378768  1129379958   1190
   1  1129379989  1129381413   1424
   1  1129482570  1129485450   2880
   1  1129485600  1129486718   1118
   1  1129488847  1129489117    270
   1  1129498503  1129498726    223
   1  1129512235  1129518602   6367
   1  1129518633  1129520493   1860
   1  1129520531  1129523615   3084
   1  1129523781  1129527750   3969
   1  1129527970  1129529310   1340
   1  1129529345  1129530528   1183
   1  1129530560  1129532344   1784
   1  1129532375  1129541431   9056
   1  1129541462  1129542130    668
   1  1129542161  1129542669    508
   1  1129542703  1129543499    796
   1  1129543530  1129544052    522
   1  1129544083  1129548314   4231
   1  1129548345  1129560191  11846
   1  1129560222  1129560810    588
   1  1129619484  1129619704    220
   1  1129619750  1129622068   2318
   1  1129622808  1129623782    974
   1  1129623813  1129624703    890
   1  1129624873  1129626395   1522
   1  1129626426  1129627543   1117
   1  1129633206  1129637823   4617
   1  1129638314  1129643743   5429
   1  1129660038  1129660370    332
   1  1129660582  1129661825   1243
   1  1129674847  1129676608   1761
   1  1129684877  1129685714    837
   1  1129685746  1129688764   3018
   1  1129697731  1129701315   3584
   1  1129703961  1129703963      2
   1  1129721723  1129728218   6495
   1  1129728249  1129736346   8097
   1  1129745176  1129745360    184
   1  1129747226  1129748586   1360
   1  1129748617  1129750085   1468
   1  1129750116  1129752779   2663
   1  1129755724  1129756474    750
   1  1129758552  1129759242    690
   1  1129759273  1129760546   1273
   1  1129773438  1129776761   3323
   1  1129786110  1129788525   2415
   1  1129788556  1129789222    666
   1  1129789253  1129790599   1346
   1  1129790635  1129795184   4549
   1  1129795215  1129795765    550
   1  1129795797  1129797450   1653
   1  1129797481  1129797705    224
   1  1129797736  1129798093    357
   1  1129798124  1129798787    663
   1  1129979732  1129982514   2782
   1  1129983084  1129986194   3110
   1  1130018622  1130018970    348
   1  1130019060  1130019332    272
   1  1130019363  1130021550   2187
   1  1130021640  1130022832   1192
   1  1130023404  1130024424   1020
   1  1130024702  1130025815   1113
   1  1130026364  1130027531   1167
   1  1130027550  1130030550   3000
   1  1130043589  1130044503    914
   1  1130044534  1130045504    970
   1  1130045535  1130055548  10013
   1  1130055579  1130056316    737
   1  1130056347  1130058716   2369
   1  1130058747  1130059130    383
   1  1130059161  1130061452   2291
   1  1130061483  1130066791   5308
   1  1130073419  1130073452     33
   1  1130074903  1130078332   3429
   1  1130078978  1130079810    832
   1  1130079900  1130080230    330
   1  1130080380  1130081070    690
   1  1130081520  1130081850    330
   1  1130081940  1130082270    330
   1  1130082360  1130082810    450
   1  1130082900  1130083770    870
   1  1130083920  1130084370    450
   1  1130084520  1130084725    205
   1  1130084756  1130084807     51
   1  1130086256  1130086770    514
   1  1130086920  1130087430    510
   1  1130087771  1130087970    199
   1  1130088060  1130088337    277
   1  1130088532  1130088671    139
   1  1130128530  1130128636    106
   1  1130128667  1130131054   2387
   1  1130131165  1130146688  15523
   1  1130146720  1130150808   4088
   1  1130150839  1130155197   4358
   1  1130155315  1130164504   9189
   1  1130171209  1130177029   5820
   1  1130177114  1130178210   1096
   1  1130178300  1130183970   5670
   1  1130184060  1130184410    350
   1  1130187911  1130188530    619
   1  1130188620  1130190930   2310
   1  1130191020  1130191457    437
   1  1130191488  1130192250    762
   1  1130192281  1130192283      2
   1  1130193521  1130193529      8
   1  1130196075  1130200654   4579
   1  1130200776  1130210843  10067
   1  1130210875  1130211386    511
   1  1130211417  1130214319   2902
   1  1130214350  1130218993   4643
   1  1130224393  1130226130   1737
   1  1130226161  1130232631   6470
   1  1130232662  1130233653    991
   1  1130233684  1130235573   1889
   1  1130235608  1130239061   3453
   1  1130239092  1130240944   1852
   1  1130240975  1130244124   3149
   1  1130312943  1130313451    508
   1  1130313482  1130313721    239
   1  1130317306  1130323850   6544
   1  1130323881  1130324393    512
   1  1130324424  1130326224   1800
   1  1130326289  1130326784    495
   1  1130327333  1130328833   1500
   1  1130328973  1130329347    374
   1  1130329378  1130329629    251
   1  1130329704  1130330135    431
   1  1130330166  1130330460    294
   1  1130475459  1130477273   1814
   1  1130477306  1130479511   2205
   1  1130479641  1130482058   2417
   1  1130482089  1130482374    285
   1  1130499247  1130501109   1862
   1  1130501141  1130509076   7935
   1  1130509107  1130511053   1946
   1  1130511084  1130514390   3306
   1  1130514480  1130514945    465
   1  1130514976  1130515258    282
   1  1130520420  1130520620    200
   1  1130520750  1130521530    780
   1  1130521620  1130525873   4253
   1  1130544596  1130545189    593
   1  1130555891  1130559203   3312
   1  1130572469  1130573701   1232
   1  1130573732  1130576053   2321
   1  1130576085  1130578412   2327
   1  1130585400  1130590966   5566
   1  1130590997  1130591302    305
   1  1130591334  1130591606    272
   1  1130591637  1130594443   2806
   1  1130638260  1130638941    681
   1  1130638976  1130643045   4069
   1  1130643076  1130645667   2591
   1  1130667156  1130673669   6513
   1  1130673700  1130675171   1471
   1  1130675184  1130683884   8700
   1  1130683915  1130685282   1367
   1  1130685397  1130685631    234
   1  1130685666  1130687067   1401
   1  1130687249  1130687432    183
   1  1130687680  1130688015    335
   1  1130688050  1130688673    623
   1  1130723636  1130725621   1985
   1  1130725652  1130725949    297
   1  1130725980  1130731516   5536
   1  1130731548  1130743336  11788
   1  1130744470  1130753384   8914
   1  1130767176  1130781254  14078
   1  1130781305  1130781640    335
   1  1130781671  1130782682   1011
   1  1130782713  1130783810   1097
   1  1130783841  1130787106   3265
   1  1130787137  1130795310   8173
   1  1130795346  1130796576   1230
   1  1130796607  1130801107   4500
   1  1130801138  1130803607   2469
   1  1130803638  1130807289   3651
   1  1130807322  1130814965   7643
   1  1130814996  1130817409   2413
   1  1130817440  1130818766   1326
   1  1130818797  1130820042   1245
   1  1130820073  1130835708  15635
   1  1130835740  1130841651   5911
   1  1130841682  1130844399   2717
   1  1130844430  1130845102    672
   1  1130845133  1130854936   9803
   1  1130854970  1130859950   4980
   1  1130859983  1130861852   1869
   1  1130861883  1130862360    477
   1  1130862392  1130864229   1837
   1  1130875403  1130880725   5322
   1  1130880756  1130886834   6078
   1  1130886865  1130889650   2785
   1  1130893072  1130895993   2921
   1  1130903862  1130904841    979
   1  1130909103  1130912089   2986
   1  1130912120  1130913288   1168
   1  1130913319  1130916215   2896
   1  1130942416  1130943477   1061
   1  1130962556  1130965802   3246
   1  1130969443  1130971611   2168
   1  1130971642  1130973732   2090
   1  1131313145  1131313330    185
   1  1131313614  1131313815    201
   1  1131323553  1131323775    222
   1  1131324788  1131324980    192
   1  1131326057  1131326537    480
   1  1131327604  1131327801    197
   1  1131328363  1131328566    203
   1  1131328597  1131328851    254
   1  1131329648  1131329923    275
   1  1131339034  1131339259    225
   1  1131371177  1131371349    172
   1  1131371714  1131371907    193
   1  1131404784  1131404958    174
   1  1131600486  1131600606    120
   1  1131637897  1131638073    176
   1  1131704685  1131704897    212
   1  1131708265  1131708460    195
   1  1131709203  1131709611    408
   1  1131709868  1131710175    307
   1  1131710206  1131710480    274
   1  1131710608  1131710783    175
   1  1131710833  1131711097    264
   1  1131711662  1131712035    373
   1  1131712548  1131712873    325
   1  1131713137  1131713543    406
   1  1131713937  1131714282    345
   1  1131715028  1131715212    184
   1  1131715511  1131716175    664
   1  1131717118  1131717370    252
   1  1131718585  1131718798    213
   1  1131719654  1131720076    422
   1  1131720722  1131720948    226
   1  1131721395  1131721753    358
   1  1131724187  1131724429    242
   1  1131724593  1131724851    258
   1  1131726323  1131726517    194
   1  1131726675  1131726846    171
   1  1131736682  1131736872    190
   1  1131758822  1131759029    207
   1  1131761444  1131761646    202
   1  1131764513  1131764695    182
   1  1131766923  1131767216    293
   1  1131770311  1131770517    206
   1  1132014499  1132014844    345
   1  1132015434  1132015647    213
   1  1132015871  1132016079    208
   1  1132017906  1132018083    177
   1  1132018114  1132018349    235
   1  1132018380  1132018834    454
   1  1132019599  1132019785    186
   1  1132019952  1132020314    362
   1  1132021434  1132021666    232
   1  1132021825  1132022065    240
   1  1132022182  1132022461    279
   1  1132022492  1132022664    172
   1  1132022938  1132023201    263
   1  1132023452  1132023677    225
   1  1132024093  1132024579    486
   1  1132024852  1132025050    198
   1  1132026417  1132026630    213
   1  1132030873  1132031092    219
   1  1132033153  1132033500    347
   1  1132033589  1132033789    200
   1  1132046913  1132047092    179
   1  1132047123  1132047937    814
   1  1132048336  1132048573    237
   1  1132048849  1132049307    458
   1  1132049338  1132049551    213
   1  1132049582  1132049898    316
   1  1132049945  1132050195    250
   1  1132050412  1132050608    196
   1  1132050639  1132050933    294
   1  1132051034  1132051205    171
   1  1132051427  1132051606    179
   1  1132051884  1132052054    170
   1  1132052230  1132052585    355
   1  1132053035  1132053286    251
   1  1132053572  1132053973    401
   1  1132054338  1132054510    172
   1  1132054809  1132054990    181
   1  1132055021  1132055252    231
   1  1132056034  1132056272    238
   1  1132056303  1132056519    216
   1  1132056660  1132056904    244
   1  1132057277  1132057611    334
   1  1132059054  1132059541    487
   1  1132059870  1132060561    691
   1  1132060709  1132061055    346
   1  1132061086  1132061381    295
   1  1132061412  1132061713    301
   1  1132061891  1132062565    674
   1  1132062596  1132062972    376
   1  1132063137  1132063345    208
   1  1132063376  1132064082    706
   1  1132065625  1132065878    253
   1  1132066438  1132066841    403
   1  1132066872  1132067085    213
   1  1132067116  1132067297    181
   1  1132067607  1132067850    243
   1  1132068039  1132068394    355
   1  1132068810  1132069168    358
   1  1132070304  1132070575    271
   1  1132070839  1132071062    223
   1  1132071228  1132071425    197
   1  1132072922  1132073129    207
   1  1132073322  1132073503    181
   1  1132073554  1132073838    284
   1  1132074084  1132074298    214
   1  1132074481  1132074750    269
   1  1132075265  1132075750    485
   1  1132076523  1132076871    348
   1  1132077232  1132077422    190
   1  1132077944  1132078232    288
   1  1132078263  1132078508    245
   1  1132078947  1132079174    227
   1  1132079205  1132079401    196
   1  1132079432  1132080007    575
   1  1132080219  1132080417    198
   1  1132080489  1132080677    188
   1  1132087843  1132088046    203
   1  1132088557  1132088771    214
   1  1132088813  1132089095    282
   1  1132089824  1132090112    288
   1  1132090282  1132090332     50
   1  1132108612  1132113753   5141
   1  1132113785  1132119479   5694
   1  1132120097  1132120274    177
   1  1132120308  1132121361   1053
   1  1132121392  1132122394   1002
   1  1132122426  1132123892   1466
   1  1132123924  1132126060   2136
   1  1132126156  1132130678   4522
   1  1132130803  1132134168   3365
   1  1132134199  1132136381   2182
   1  1132136413  1132140322   3909
   1  1132140354  1132141367   1013
   1  1132141458  1132141945    487
   1  1132146511  1132146806    295
   1  1132146838  1132149446   2608
   1  1132149478  1132152517   3039
   1  1132152549  1132156323   3774
   1  1132156355  1132159700   3345
   1  1132159732  1132160189    457
   1  1132160220  1132160992    772
   1  1132161024  1132161442    418
   1  1132161474  1132162432    958
   1  1132162560  1132163862   1302
   1  1132163894  1132164931   1037
   1  1132164963  1132165249    286
   1  1132165281  1132165539    258
   1  1132165571  1132168561   2990
   1  1132168593  1132175484   6891
   1  1132175998  1132183994   7996
   1  1132221268  1132223284   2016
   1  1132226168  1132227470   1302
   1  1132227502  1132228018    516
   1  1132260824  1132261469    645
   1  1132266840  1132270049   3209
   1  1132270080  1132273069   2989
   1  1132273787  1132275725   1938
   1  1132275757  1132278289   2532
   1  1132278321  1132279826   1505
   1  1132279858  1132285862   6004
   1  1132286756  1132287568    812
   1  1132333714  1132339319   5605
   1  1132339376  1132339924    548
   1  1132342472  1132342866    394
   1  1132371569  1132372270    701
   1  1132372302  1132372714    412
   1  1132372746  1132374452   1706
   1  1132384256  1132398667  14411
   1  1132398699  1132406851   8152
   1  1132406883  1132409033   2150
   1  1132503354  1132504726   1372
   1  1132504758  1132505022    264
   1  1132505054  1132507087   2033
   1  1132533124  1132535572   2448
   1  1132544875  1132546637   1762
   1  1132546670  1132549190   2520
   1  1132577888  1132578862    974
   1  1132578894  1132580649   1755
   1  1132580681  1132584111   3430
   1  1132614028  1132615505   1477
   1  1132617927  1132618908    981
   1  1132619923  1132624156   4233
   1  1132625456  1132628326   2870
   1  1132628358  1132630238   1880
   1  1132630270  1132633847   3577
   1  1132633879  1132634170    291
   1  1132634202  1132635781   1579
   1  1132635813  1132637872   2059
   1  1132646802  1132649572   2770
   1  1132649609  1132652650   3041
   1  1132670979  1132671156    177
   1  1132674348  1132674922    574
   1  1132682945  1132683727    782
   1  1132713476  1132718610   5134
   1  1132718642  1132720710   2068
   1  1132720742  1132723814   3072
   1  1132723846  1132726492   2646
   1  1132730819  1132731866   1047
   1  1132731898  1132737453   5555
   1  1132737486  1132738636   1150
   1  1132738670  1132743487   4817
   1  1132743684  1132746985   3301
   1  1132747017  1132748184   1167
   1  1132748215  1132755732   7517
   1  1132755764  1132756343    579
   1  1132756375  1132759067   2692
   1  1132759099  1132759465    366
   1  1132760082  1132763754   3672
   1  1132763786  1132764069    283
   1  1132764101  1132765282   1181
   1  1132765314  1132770608   5294
   1  1132770640  1132770812    172
   1  1132770844  1132777475   6631
   1  1132777507  1132779035   1528
   1  1132780521  1132782894   2373
   1  1132782925  1132792607   9682
   1  1132792639  1132797067   4428
   1  1132797099  1132797459    360
   1  1132797616  1132805246   7630
   1  1132805277  1132805465    188
   1  1132805497  1132809093   3596
   1  1132809125  1132810917   1792
   1  1132810949  1132811507    558
   1  1132882113  1132884291   2178
   1  1132884323  1132884713    390
   1  1132884745  1132885423    678
   1  1132885455  1132886677   1222
   1  1132886709  1132887820   1111
   1  1132887852  1132891748   3896
   1  1132891780  1132892236    456
   1  1132892268  1132897588   5320
   1  1132897620  1132898485    865
   1  1132898517  1132901652   3135
   1  1132901684  1132905600   3916
   1  1132905696  1132912423   6727
   1  1132920113  1132920626    513
   1  1132921196  1132925466   4270
   1  1132925498  1132931911   6413
   1  1132931943  1132932384    441
   1  1132932416  1132937009   4593
   1  1132937041  1132937266    225
   1  1132937297  1132940449   3152
   1  1132940481  1132951935  11454
   1  1132951967  1132952933    966
   1  1132953238  1132956259   3021
   1  1132956291  1132963862   7571
   1  1132963894  1132968118   4224
   1  1132973909  1132974915   1006
   1  1132974947  1132982744   7797
   1  1132982776  1132983257    481
   1  1132983289  1132990214   6925
   1  1132990246  1132997346   7100
   1  1132997396  1132998561   1165
   1  1132999214  1132999535    321
   1  1132999568  1133001559   1991
   1  1133001686  1133002074    388
   1  1133002106  1133002560    454
   1  1133002592  1133008156   5564
   1  1133010846  1133011916   1070
   1  1133011948  1133014147   2199
   1  1133053848  1133058104   4256
   1  1133058136  1133059799   1663
   1  1133059831  1133060114    283
   1  1133060146  1133066781   6635
   1  1133066813  1133067367    554
   1  1133085566  1133086319    753
   1  1133104594  1133106299   1705
   1  1133106331  1133107916   1585
   1  1133107948  1133108159    211
   1  1133108191  1133111053   2862
   1  1133111789  1133121833  10044
   1  1133122648  1133124493   1845
   1  1133124525  1133126545   2020
   1  1133128236  1133132468   4232
   1  1133132500  1133134752   2252
   1  1133134784  1133135307    523
   1  1133135339  1133135924    585
   1  1133135956  1133136554    598
   1  1133136586  1133138731   2145
   1  1133138752  1133138776     24
   1  1133139254  1133143185   3931
   1  1133143217  1133151259   8042
   1  1133163855  1133165426   1571
   1  1133165992  1133172918   6926
   1  1133180512  1133186588   6076
   1  1133186620  1133189215   2595
   1  1133205088  1133211098   6010
   1  1133217063  1133217688    625
   1  1133217885  1133218628    743
   1  1133219797  1133221203   1406
   1  1133221235  1133222679   1444
   1  1133226545  1133227818   1273
   1  1133227850  1133230012   2162
   1  1133230044  1133233352   3308
   1  1133244394  1133245534   1140
   1  1133260208  1133266259   6051
   1  1133286505  1133287244    739
   1  1133287276  1133291239   3963
   1  1133299161  1133300446   1285
   1  1133300478  1133301471    993
   1  1133301503  1133303094   1591
   1  1133303126  1133304307   1181
   1  1133336131  1133336781    650
   1  1133336813  1133341855   5042
   1  1133342188  1133342807    619
   1  1133343623  1133347609   3986
   1  1133370045  1133370782    737
   1  1133370917  1133376022   5105
   1  1133376054  1133377380   1326
   1  1133377412  1133380587   3175
   1  1133442731  1133446241   3510
   1  1133446273  1133448890   2617
   1  1133454150  1133457951   3801
   1  1133458026  1133458221    195
   1  1133458252  1133468396  10144
   1  1133585447  1133588449   3002
   1  1133588481  1133589241    760
   1  1133589273  1133597643   8370
   1  1133600812  1133602828   2016
   1  1133602862  1133603407    545
   1  1133603439  1133604665   1226
   1  1133604697  1133617301  12604
   1  1133617333  1133617494    161
   1  1133663139  1133665940   2801
   1  1133674275  1133674482    207
   1  1133674792  1133675872   1080
   1  1133675906  1133680053   4147
   1  1133680084  1133690669  10585
   1  1133690737  1133691279    542
   1  1133744441  1133747108   2667
   1  1133747140  1133747534    394
   1  1133752615  1133754942   2327
   1  1133759726  1133764240   4514
   1  1133764272  1133768658   4386
   1  1133768690  1133769873   1183
   1  1133769905  1133771116   1211
   1  1133771126  1133771139     13
   1  1133771371  1133773825   2454
   1  1133775715  1133778771   3056
   1  1133779979  1133781118   1139
   1  1133781150  1133788328   7178
   1  1133788360  1133789880   1520
   1  1133789912  1133800694  10782
   1  1133800730  1133801006    276
   1  1133930745  1133936754   6009
   1  1133937320  1133944113   6793
   1  1133944145  1133947284   3139
   1  1133947316  1133954609   7293
   1  1133954641  1133959471   4830
   1  1133962350  1133963344    994
   1  1133963376  1133965991   2615
   1  1133996501  1133997523   1022
   1  1133997555  1134003573   6018
   1  1134003605  1134003997    392
   1  1134004028  1134004746    718
   1  1134004778  1134005151    373
   1  1134005183  1134007497   2314
   1  1134147954  1134149287   1333
   1  1134149319  1134156863   7544
   1  1134158147  1134158492    345
   1  1134158523  1134158818    295
   1  1134159947  1134162267   2320
   1  1134162299  1134166801   4502
   1  1134166833  1134175916   9083
   1  1134175948  1134178122   2174
   1  1134188991  1134195768   6777
   1  1134197896  1134218536  20640
   1  1134267924  1134270634   2710
   1  1134277806  1134278426    620
   1  1134280577  1134280928    351
   1  1134280960  1134281330    370
   1  1134282028  1134287509   5481
   1  1134287541  1134290537   2996
   1  1134290569  1134291628   1059
   1  1134291968  1134292250    282
   1  1134292579  1134302304   9725
   1  1134303321  1134303823    502
   1  1134304685  1134304926    241
   1  1134304958  1134312727   7769
   1  1134312759  1134315693   2934
   1  1134315725  1134320444   4719
   1  1134320476  1134323938   3462
   1  1134323970  1134326563   2593
   1  1134326595  1134329557   2962
   1  1134329589  1134329823    234
   1  1134329855  1134330249    394
   1  1134333088  1134338639   5551
   1  1134338671  1134344685   6014
   1  1134344718  1134345891   1173
   1  1134345939  1134348403   2464
   1  1134352064  1134352607    543
   1  1134352697  1134353696    999
   1  1134353743  1134354896   1153
   1  1134354943  1134355920    977
   1  1134358533  1134359768   1235
   1  1134359815  1134360967   1152
   1  1134361015  1134362168   1153
   1  1134362215  1134363367   1152
   1  1134363415  1134364568   1153
   1  1134364615  1134365872   1257
   1  1134365904  1134366118    214
   1  1134366150  1134368839   2689
   1  1134368871  1134369950   1079
   1  1134376893  1134377624    731
   1  1134377656  1134386739   9083
   1  1134386771  1134393431   6660
   1  1134393463  1134399476   6013
   1  1134402613  1134408261   5648
   1  1134432422  1134437656   5234
   1  1134437688  1134440996   3308
   1  1134441593  1134447779   6186
   1  1134453717  1134456008   2291
   1  1134456040  1134458355   2315
   1  1134459765  1134461883   2118
   1  1134461915  1134463571   1656
   1  1134463603  1134468805   5202
   1  1134468837  1134471820   2983
   1  1134471852  1134475262   3410
   1  1134475294  1134476320   1026
   1  1134476352  1134476473    121
   1  1134487201  1134489996   2795
   1  1134490029  1134491248   1219
   1  1134491342  1134494450   3108
   1  1134497124  1134497393    269
   1  1134497503  1134502781   5278
   1  1134503847  1134506026   2179
   1  1134543145  1134545929   2784
   1  1134545961  1134547152   1191
   1  1134547183  1134552374   5191
   1  1134552407  1134557803   5396
   1  1134557835  1134565434   7599
   1  1134565466  1134566154    688
   1  1134566189  1134572174   5985
   1  1134572206  1134574486   2280
   1  1134574517  1134576719   2202
   1  1134576751  1134577498    747
   1  1134577530  1134578097    567
   1  1134578128  1134579281   1153
   1  1134579313  1134580431   1118
   1  1134580463  1134580803    340
   1  1134580835  1134581162    327
   1  1134581202  1134582749   1547
   1  1134583514  1134586485   2971
   1  1134586774  1134588356   1582
   1  1134588388  1134589565   1177
   1  1134636087  1134636978    891
   1  1134637800  1134642774   4974
   1  1134642805  1134643997   1192
   1  1134771996  1134773479   1483
   1  1134773511  1134774947   1436
   1  1134784465  1134784692    227
   1  1134786647  1134786951    304
   1  1134787100  1134788121   1021
   1  1134788329  1134788385     56
   1  1134788445  1134788854    409
   1  1134788954  1134789153    199
   1  1134789192  1134789675    483
   1  1134789876  1134790420    544
   1  1134790806  1134791025    219
   1  1134792295  1134792493    198
   1  1134793112  1134793441    329
   1  1134793618  1134794167    549
   1  1134794996  1134795193    197
   1  1134795575  1134796186    611
   1  1134796217  1134798937   2720
   1  1134798968  1134802154   3186
   1  1134802187  1134803363   1176
   1  1134803396  1134804516   1120
   1  1134804726  1134807042   2316
   1  1134807073  1134820007  12934
   1  1134820038  1134827218   7180
   1  1134827250  1134829206   1956
   1  1134829239  1134829843    604
   1  1134863232  1134863885    653
   1  1134864368  1134866452   2084
   1  1134866751  1134867536    785
   1  1134867552  1134868000    448
   1  1134868016  1134868592    576
   1  1134868608  1134868656     48
   1  1134868916  1134869554    638
   1  1134869586  1134870385    799
   1  1134870562  1134872096   1534
   1  1134872483  1134872687    204
   1  1134872731  1134873925   1194
   1  1134873957  1134874480    523
   1  1134874513  1134874683    170
   1  1134874716  1134874908    192
   1  1134874940  1134875119    179
   1  1134875756  1134875961    205
   1  1134875994  1134876561    567
   1  1134877094  1134878349   1255
   1  1134904443  1134907187   2744
   1  1134914417  1134914663    246
   1  1134914694  1134915432    738
   1  1134915465  1134915733    268
   1  1134915991  1134916350    359
   1  1134916383  1134916699    316
   1  1134916791  1134917987   1196
   1  1134921617  1134922576    959
   1  1134922769  1134922950    181
   1  1134923344  1134925187   1843
   1  1135023264  1135024247    983
   1  1135033244  1135033484    240
   1  1135033932  1135034429    497
   1  1135034485  1135037827   3342
   1  1135037860  1135039182   1322
   1  1135039654  1135039945    291
   1  1135039978  1135040229    251
   1  1135040404  1135040582    178
   1  1135136351  1135145476   9125
   1  1135145508  1135148641   3133
   1  1135148673  1135148939    266
   1  1135148971  1135150233   1262
   1  1135150265  1135151418   1153
   1  1135151859  1135155760   3901
   1  1135155791  1135158852   3061
   1  1135158883  1135161673   2790
   1  1135172727  1135173083    356
   1  1135173304  1135176287   2983
   1  1135176351  1135177177    826
   1  1135177385  1135187428  10043
   1  1135192707  1135193716   1009
   1  1135193827  1135195328   1501
   1  1135198854  1135200145   1291
   1  1135200269  1135205052   4783
   1  1135205463  1135209121   3658
   1  1135209153  1135209381    228
   1  1135209413  1135210692   1279
   1  1135210723  1135219857   9134
   1  1135219888  1135230538  10650
   1  1135230570  1135231661   1091
   1  1135231692  1135234117   2425
   1  1135238726  1135247194   8468
   1  1135247225  1135257572  10347
   1  1135257604  1135258791   1187
   1  1135258823  1135261362   2539
   1  1135261394  1135266972   5578
   1  1135267004  1135268613   1609
   1  1135268645  1135271456   2811
   1  1135466575  1135466883    308
   1  1135466946  1135477332  10386
   1  1135477363  1135477738    375
   1  1135477770  1135479650   1880
   1  1135479682  1135482142   2460
   1  1135482174  1135483981   1807
   1  1135484013  1135487776   3763
   1  1135487807  1135488871   1064
   1  1135488902  1135496423   7521
   1  1135516921  1135518960   2039
   1  1135519921  1135522579   2658
   1  1135522611  1135524041   1430
   1  1135524073  1135533671   9598
   1  1135533702  1135535670   1968
   1  1135535701  1135537343   1642
   1  1135538054  1135540032   1978
   1  1135540064  1135541305   1241
   1  1135541337  1135545382   4045
   1  1135545414  1135545616    202
   1  1135545649  1135545798    149
   1  1135545856  1135552112   6256
   1  1135552144  1135559189   7045
   1  1135559927  1135559951     24
   1  1135575589  1135580033   4444
   1  1135580065  1135580898    833
   1  1135580929  1135584225   3296
   1  1135584257  1135584849    592
   1  1135584881  1135586103   1222
   1  1135586134  1135586764    630
   1  1135591835  1135594888   3053
   1  1135617234  1135618424   1190
   1  1135628014  1135629071   1057
   1  1135629102  1135631547   2445
   1  1135631717  1135632585    868
   1  1135632617  1135634740   2123
   1  1135634771  1135637396   2625
   1  1135637427  1135641499   4072
   1  1135641531  1135643680   2149
   1  1135643712  1135647365   3653
   1  1135647397  1135651240   3843
   1  1135664857  1135665478    621
   1  1135669800  1135669808      8
   1  1135677211  1135677968    757
   1  1135678000  1135683862   5862
   1  1135689569  1135692654   3085
   1  1135692686  1135698349   5663
   1  1135716599  1135717310    711
   1  1135737171  1135739089   1918
   1  1135746378  1135750443   4065
   1  1135750475  1135752946   2471
   1  1135753512  1135754273    761
   1  1135776624  1135778559   1935
   1  1135778845  1135779134    289
   1  1135779166  1135780073    907
   1  1135780106  1135780860    754
   1  1135780894  1135781889    995
   1  1135781921  1135783268   1347
   1  1135783300  1135784507   1207
   1  1135784539  1135785742   1203
   1  1135785774  1135788493   2719
   1  1135788656  1135788771    115
   1  1135788803  1135789999   1196
   1  1135790213  1135790550    337
   1  1135790643  1135792033   1390
   1  1135792225  1135792503    278
   1  1135792535  1135792944    409
   1  1135792976  1135796568   3592
   1  1135796600  1135797940   1340
   1  1135799879  1135801088   1209
   1  1135803089  1135805645   2556
   1  1135823236  1135823521    285
   1  1135823553  1135824304    751
   1  1135824336  1135828478   4142
   1  1135828785  1135831963   3178
   1  1135831994  1135834265   2271
   1  1135834297  1135839113   4816
   1  1135840571  1135843162   2591
   1  1135843194  1135843535    341
   1  1135853350  1135853863    513
   1  1135853895  1135855034   1139
   1  1135859353  1135859662    309
   1  1135859694  1135860387    693
   1  1135860420  1135861455   1035
   1  1135861488  1135862814   1326
   1  1135862846  1135864839   1993
   1  1135867666  1135867917    251
   1  1135867949  1135868157    208
   1  1135868190  1135868780    590
   1  1135870476  1135870733    257
   1  1135870765  1135871063    298
   1  1135871094  1135874159   3065
   1  1135874191  1135875200   1009
   1  1135875232  1135876402   1170
   1  1135876434  1135876733    299
   1  1135876980  1135877827    847
   1  1135877859  1135879736   1877
   1  1135882196  1135882555    359
   1  1135882605  1135882803    198
   1  1135882835  1135883116    281
   1  1135883241  1135884397   1156
   1  1135884429  1135885582   1153
   1  1135885613  1135888035   2422
   1  1135888067  1135888386    319
   1  1135890200  1135891844   1644
   1  1135892959  1135893836    877
   1  1135893872  1135894382    510
   1  1135894414  1135895048    634
   1  1135895080  1135896424   1344
   1  1135896564  1135898660   2096
   1  1135913524  1135914631   1107
   1  1135914663  1135917458   2795
   1  1135917490  1135919961   2471
   1  1135919993  1135924188   4195
   1  1135925097  1135925298    201
   1  1135925932  1135926849    917
   1  1135926881  1135928002   1121
   1  1135928034  1135928771    737
   1  1135928803  1135932476   3673
   1  1135933177  1135934040    863
   1  1135934072  1135940267   6195
   1  1135940299  1135940911    612
   1  1135941961  1135942986   1025
   1  1135948563  1135954911   6348
   1  1135954945  1135955929    984
   1  1135955961  1135956675    714
   1  1135956707  1135957022    315
   1  1135957054  1135957308    254
   1  1135968760  1135968847     87
   1  1135968879  1135975342   6463
   1  1135975374  1135975800    426
   1  1135980518  1135985305   4787
   1  1135985336  1135987052   1716
   1  1135987084  1135989421   2337
   1  1135989452  1135990763   1311
   1  1135990795  1135991814   1019
   1  1136010436  1136011604   1168
   1  1136011698  1136012294    596
   1  1136012327  1136015277   2950
   1  1136106654  1136109215   2561
   1  1136117663  1136121096   3433
   1  1136121127  1136121623    496
   1  1136121782  1136122655    873
   1  1136206040  1136208197   2157
   1  1136208246  1136208829    583
   1  1136208862  1136213944   5082
   1  1136213976  1136214956    980
   1  1136214988  1136215341    353
   1  1136215373  1136217629   2256
   1  1136262730  1136267148   4418
   1  1136267180  1136267888    708
   1  1136267980  1136275350   7370
   1  1136275382  1136276412   1030
   1  1136276444  1136278850   2406
   1  1136278881  1136279872    991
   1  1136279904  1136283388   3484
   1  1136283420  1136283632    212
   1  1136283663  1136284018    355
   1  1136284585  1136286109   1524
   1  1136286140  1136291598   5458
   1  1136292979  1136295860   2881
   1  1136353401  1136358130   4729
   1  1136358162  1136368504  10342
   1  1136369307  1136370304    997
   1  1136370518  1136372467   1949
   1  1136374379  1136374554    175
   1  1136374741  1136375204    463
   1  1136375237  1136375876    639
   1  1136376801  1136378104   1303
   1  1136378137  1136378785    648
   1  1136379620  1136379799    179
   1  1136385924  1136386096    172
   1  1136391628  1136392247    619
   1  1136402334  1136403506   1172
   1  1136450097  1136456557   6460
   1  1136459854  1136460050    196
   1  1136461285  1136461665    380
   1  1136463140  1136466206   3066
   1  1136484026  1136485021    995
   1  1136485053  1136487158   2105
   1  1136487189  1136491272   4083
   1  1136491305  1136492694   1389
   1  1136492726  1136496325   3599
   1  1136496358  1136497433   1075
   1  1136498548  1136506763   8215
   1  1136515068  1136520310   5242
   1  1136520692  1136522359   1667
   1  1136523680  1136524021    341
   1  1136524031  1136524052     21
   1  1136524272  1136525974   1702
   1  1136526008  1136527293   1285
   1  1136529471  1136532019   2548
   1  1136533220  1136534067    847
   1  1136534098  1136534335    237
   1  1136534378  1136534577    199
   1  1136534609  1136538441   3832
   1  1136539528  1136542511   2983
   1  1136543869  1136545409   1540
   1  1136545496  1136548545   3049
   1  1136548895  1136551312   2417
   1  1136553422  1136553439     17
   1  1136582470  1136583128    658
   1  1136583251  1136583567    316
   1  1136583598  1136584190    592
   1  1136584245  1136584903    658
   1  1136585203  1136586100    897
   1  1136586155  1136587200   1045
   1  1136587255  1136588299   1044
   1  1136588354  1136589400   1046
   1  1136589454  1136590500   1046
   1  1136590554  1136591122    568
   1  1136591155  1136591600    445
   1  1136591655  1136592700   1045
   1  1136592755  1136592952    197
   1  1136592984  1136593800    816
   1  1136593856  1136594681    825
   1  1136594713  1136594900    187
   1  1136594955  1136595270    315
   1  1136595302  1136596283    981
   1  1136597527  1136601515   3988
   1  1136601547  1136603357   1810
   1  1136603388  1136605693   2305
   1  1136605784  1136607224   1440
   1  1136607256  1136608345   1089
   1  1136608377  1136610372   1995
   1  1136610404  1136611695   1291
   1  1136611726  1136611977    251
   1  1136612133  1136614323   2190
   1  1136614357  1136621480   7123
   1  1136621515  1136622294    779
   1  1136622326  1136622631    305
   1  1136623356  1136630354   6998
   1  1136630704  1136631145    441
   1  1136631180  1136631857    677
   1  1136631889  1136632074    185
   1  1136632106  1136634846   2740
   1  1136634878  1136636112   1234
   1  1136636144  1136643463   7319
   1  1136643978  1136644986   1008
   1  1136645025  1136645790    765
   1  1136645993  1136646959    966
   1  1136646991  1136649587   2596
